774
439
255
910
588
256
795
349
640
282
177
167
704
417
198
958
678
580
398
926
230
912
573
832
827
903
545
782
841
579
937
250
475
827
993
161
570
425
603
164
624
477
388
336
202
241
647
759
595
760
801
918
503
961
775
362
176
993
402
635
245
571
852
426
414
917
400
563
139
844
204
952
956
312
814
511
583
541
745
285
846
599
592
115
725
343
557
310
595
304
693
937
374
941
834
747
253
602
448
878
645
244
638
835
338
722
628
781
218
956
197
152
637
363
234
298
365
612
821
620
233
339
243
610
279
366
861
971
546
967
203
548
411
756
990
940
291
355
879
297
632
410
894
492
433
631
226
967
132
268
856
156
829
672
847
156
655
366
174
632
307
219
272
103
723
932
299
201
504
148
124
236
820
530
486
520
906
299
390
474
830
799
816
427
198
279
858
282
749
101
605
880
619
267
820
900
195
978
475
917
198
724
491
241
189
385
358
689
717
258
177
381
516
590
692
981
830
830
654
327
754
717
828
414
716
494
394
931
795
981
170
343
774
548
603
963
392
889
430
226
342
538
401
144
200
195
702
859
336
186
336
136
555
658
181
245
918
985
628
352
169
918
218
861
284
936
477
737
681
572
496
918
440
817
644
966
443
609
395
834
684
222
862
741
398
496
131
154
747
151
787
443
437
674
219
587
353
736
974
221
837
373
858
678
954
694
786
709
921
364
902
730
631
557
741
766
402
160
672
326
371
836
669
396
754
351
556
342
778
675
516
668
646
138
736
683
502
413
419
966
168
172
110
767
461
820
406
992
253
460
189
685
469
488
890
226
736
841
560
275
572
624
941
106
849
600
867
447
417
717
530
413
223
761
976
243
320
687
454
947
232
284
348
776
774
436
570
845
715
782
344
399
156
186
446
232
177
671
487
733
